100
2
0.000000 1692.829879 2252.270854 1103.609532 2522.814500 396.852617 1446.765358 424.537395 1424.059339 749.106134 902.269361 1546.992243 2553.845140 2378.370240 1014.753665 1259.356185 1017.528869 1167.469486 813.705721 1404.843408 885.112987 1329.531120 882.220494 1206.066748 1194.020519 1510.638607 1571.559735 415.636861 2080.504025 2144.574550 886.713031 790.225917 2640.851757 1803.869729 1576.118333 1172.710535 2518.194988 1224.826518 2102.314201 1358.106402 2697.599118 661.460505 2250.859836 1668.394438 923.017876 2114.686265 429.196924 2522.632950 442.289498 1706.572296 1128.689506 2474.051738 1010.451384 1394.179687 1707.546193 795.342693 1359.817635 718.229072 1030.897182 1152.289026 1043.218577 1259.659081 288.086792 1365.662110 1250.233978 1286.438883 593.188840 1617.692801 1240.503527 1386.559050 2635.283097 801.538521 1531.159691 941.981953 628.046177 2648.723844 1048.429301 2442.327578 1007.911206 862.974507 1219.592145 2186.072277 1715.551515 888.473973 1733.841112 1508.300368 1254.928285 1219.446596 806.489926 643.770145 752.973439 302.552475 412.975786 1358.848042 2431.134714 2376.683614 814.877291 782.652541 1468.252363 2643.494089 
1692.829879 0.000000 1708.469783 2402.816056 1185.959527 2056.612992 1391.806380 1619.841042 1342.505121 2441.831485 2358.835518 1606.488095 969.751515 1661.984958 2445.813157 2830.614951 2455.095925 2836.891256 2310.216007 1603.241716 2501.842521 2896.747486 1921.433319 2894.555579 893.071106 2670.970610 1737.337331 1363.365322 1500.966355 1190.744725 1592.384690 2165.917819 1069.318007 1451.479590 1893.080558 2857.569072 1143.124228 2917.257102 961.137867 336.505572 1984.454081 1536.060220 1834.545448 256.563832 2124.213972 1636.497785 1932.617137 1595.606468 2094.273382 416.124981 1146.963382 1302.292210 2577.251443 331.303486 1529.079789 1902.789794 1400.388875 1160.700650 2626.073876 1851.156665 1006.106356 1802.542649 1979.198070 331.716747 2526.658267 2618.486968 1102.742944 710.538528 573.266081 2887.442640 1901.814397 2458.646986 462.243442 2543.906641 2076.212176 1045.017225 1663.859670 1262.333157 2647.112389 1670.004790 842.630405 569.941225 1513.225033 2581.300641 832.313643 1752.072202 1218.500718 2806.433502 1419.508718 2301.798645 1978.321005 1769.469129 1399.746406 2963.132970 793.771378 1200.941297 2093.036072 1911.410997 3155.993663 1830.805287 
2252.270854 1708.469783 0.000000 3332.923341 1073.736001 2622.806131 811.321145 2501.897680 829.190569 2793.510336 2264.730006 782.465974 1532.654234 221.298441 2279.527363 3482.276554 2292.553380 3286.384792 3065.975375 934.013383 2582.162853 3551.541215 1703.469694 3245.719797 1183.942988 3716.831043 846.132377 1855.776387 214.021027 592.084453 2769.948736 2086.778618 1532.922046 448.412756 983.246154 3047.000164 1133.381666 3215.883704 850.565106 1730.967648 450.787089 2591.881556 171.026314 1452.250667 1895.679825 139.262342 2138.573824 507.055224 2669.801491 1292.653473 1137.949032 823.310391 3246.178060 1827.943380 567.120798 2916.617561 902.656081 1572.472257 2625.837961 1377.630575 1275.467365 1227.892911 2473.698850 1650.528703 3479.701855 3529.201184 1872.406206 1020.784992 1423.781233 3630.577089 401.004988 2640.376488 1287.391937 2582.747762 2870.338308 1615.069658 1333.014629 832.663197 3193.360769 2811.808137 1192.820607 1530.888631 552.952982 2913.171811 880.570838 926.741604 1001.000000 3435.262144 2587.069771 2842.382803 1885.106098 2515.462979 1845.798743 3554.433851 1633.182170 826.460525 3018.376550 1786.235427 3314.915534 454.278549 
1103.609532 2402.816056 3332.923341 0.000000 3447.025529 822.125295 2538.424708 850.718520 2511.709577 1030.068930 1695.417353 2649.138917 3362.051308 3441.609652 1794.274505 624.771958 1789.489592 928.903117 372.339898 2508.211514 1444.921105 660.866855 1928.374704 1101.310583 2203.686230 417.062345 2675.055513 1478.048714 3149.956349 3152.299795 844.351822 1696.562701 3458.916015 2886.523861 2674.075728 1336.013473 3428.180275 1189.673064 3060.988892 2087.301847 3771.111905 867.681969 3343.368960 2479.001815 1895.497824 3197.561571 1394.722912 3555.860655 785.494749 2568.817821 2195.774579 3447.684730 497.636413 2071.580315 2801.622387 500.371862 2454.438021 1763.011344 1572.778751 2235.152791 2076.108138 2353.394357 973.903486 2131.240249 147.176764 216.113396 1502.068241 2575.057281 2132.529250 554.476330 3704.461769 1293.387026 2416.404767 1507.782478 477.200168 3443.823457 2147.804926 3412.103457 718.357154 758.021767 2215.773680 2965.158006 2808.105589 1061.233245 2712.551751 2611.056491 2332.154583 644.049688 992.362837 747.466387 1760.316165 819.319230 1491.484160 784.623477 3196.274394 3344.204689 324.229857 1821.030752 1498.551634 3701.246412 
2522.814500 1185.959527 1073.736001 3447.025529 0.000000 2919.352154 1423.989115 2605.817530 1400.121423 3218.195302 2883.283718 1552.618433 502.332559 890.906280 2934.403176 3770.098275 2946.543059 3681.028661 3277.007476 1655.730654 3135.403642 3839.753377 2328.644670 3691.816897 1343.501396 3765.137979 1675.524097 2113.827098 972.748683 553.166340 2700.638628 2683.121317 474.658825 1178.071730 1851.225000 3569.123282 69.231496 3688.564626 437.385414 1413.016631 1079.082017 2593.881455 1244.739732 1007.246246 2548.369086 1107.079491 2591.877505 652.150289 2964.122298 887.028748 1498.040387 259.239272 3515.597389 1468.373931 1342.827241 2961.862421 1499.522924 1818.490033 3221.863436 2087.726275 1506.110886 1965.283695 2799.736595 1349.998519 3583.506942 3661.452444 1971.111869 905.806271 1316.705738 3869.008271 1007.262627 3145.426044 1030.674051 3156.846686 3049.346979 564.022163 1957.628412 242.167298 3530.725704 2768.475393 1310.246542 704.494854 1319.488537 3354.735906 805.348372 1738.268391 1442.083215 3734.719400 2515.890498 3166.417060 2468.074958 2701.296170 2128.814224 3879.303675 670.546792 253.140277 3124.039052 2373.914910 3863.267529 894.152112 
396.852617 2056.612992 2622.806131 822.125295 2919.352154 0.000000 1812.307369 533.670310 1793.854230 436.022935 907.181349 1891.778264 2940.778298 2758.119831 1014.676796 867.138974 1012.354187 781.952045 473.701383 1743.555276 737.130246 937.243298 1110.785758 843.282278 1590.113518 1238.998386 1899.798937 811.005549 2458.472900 2538.561010 944.033898 880.777497 3029.285394 2175.125284 1879.610864 876.621925 2914.201434 878.009112 2499.152056 1720.117729 3071.176485 764.294446 2610.477734 2050.533589 1074.241127 2484.166259 574.186381 2911.478834 47.074409 2096.312238 1513.779376 2870.307301 623.910250 1745.028653 2068.132007 697.689042 1722.478447 1113.114999 886.000564 1428.742804 1437.613648 1555.525956 157.257750 1735.622367 960.025520 970.270581 973.536337 2014.442355 1630.606329 1007.921624 3011.410467 604.466707 1922.573796 802.886044 374.232548 3034.312113 1361.378713 2838.767338 611.657584 886.488015 1616.267614 2567.159520 2078.010828 560.972370 2130.502523 1830.298883 1633.843628 825.112114 942.648397 249.327094 938.870066 329.074460 804.204576 962.251526 2811.480037 2773.242326 609.584285 1002.960119 1154.045493 3024.699159 
1446.765358 1391.806380 811.321145 2538.424708 1423.989115 1812.307369 0.000000 1724.840282 50.249378 1989.205369 1511.092320 216.113396 1709.036278 963.350923 1545.006472 2670.955634 1557.711462 2480.831514 2259.774546 242.200330 1806.204031 2740.227910 942.251028 2447.785326 555.792227 2931.315916 345.684828 1062.015066 663.193034 894.879880 2040.947329 1320.123100 1756.406559 366.895080 508.992141 2265.812878 1453.675342 2423.198300 1005.726106 1258.791881 1261.299726 1843.694118 805.096268 1165.010730 1153.734805 672.309453 1332.884091 1164.605083 1859.252000 1051.981464 382.781922 1263.396217 2435.297518 1362.062040 264.151472 2144.672469 93.048375 800.235590 1866.830737 666.108099 561.805126 541.613331 1662.569096 1187.471684 2685.577219 2729.886628 1130.681653 740.945342 895.317262 2820.224814 1205.230683 1850.602605 934.847581 1814.364903 2070.016425 1810.520367 560.016071 1245.829041 2382.856479 2071.418113 593.670784 1508.623876 269.683147 2112.274603 714.193951 369.431996 237.993697 2624.000000 1867.181834 2031.080993 1108.953110 1719.107908 1046.940782 2744.016399 1707.419691 1196.338163 2229.601982 1009.756901 2544.231318 1231.347636 
424.537395 1619.841042 2501.897680 850.718520 2605.817530 533.670310 1724.840282 0.000000 1693.383890 969.692735 1307.468546 1858.841844 2553.933633 2600.321711 1420.535462 1210.841856 1421.951124 1257.132054 691.034731 1728.843833 1228.327725 1276.915424 1295.390675 1350.988157 1355.059039 1216.003701 1904.642749 670.857660 2312.646320 2301.667222 464.968816 1210.889343 2648.021526 2059.711145 1934.297030 1410.090068 2590.028957 1397.243000 2212.886124 1288.820003 2933.783394 247.778127 2524.469449 1660.675766 1347.312139 2369.010342 849.763497 2706.767999 553.176283 1736.748974 1365.056775 2598.658885 958.175349 1293.208800 1988.891651 420.639989 1646.535757 930.406900 1379.078315 1539.015919 1233.105429 1630.717940 554.048734 1320.959121 993.620149 1061.075398 651.463737 1725.779244 1289.125673 1275.731163 2865.053054 1113.800700 1577.345238 1291.328773 456.983588 2641.094091 1411.559421 2563.429734 1047.851612 438.507697 1365.776336 2163.983364 1992.993979 1092.477002 1862.130232 1849.796205 1506.360183 1187.765128 416.329197 738.874820 1175.923892 206.305599 696.603905 1345.786016 2402.839986 2495.666043 527.056923 1199.805401 1683.736618 2857.268801 
1424.059339 1342.505121 829.190569 2511.709577 1400.121423 1793.854230 50.249378 1693.383890 0.000000 1980.891971 1518.626024 266.270539 1674.207275 972.260253 1555.998072 2654.910356 1568.604475 2471.469199 2237.656363 281.311216 1807.973451 2724.370386 950.853301 2442.029484 506.320057 2902.396940 394.832876 1033.992747 671.252561 878.080292 2002.808278 1325.473500 1723.487453 381.283359 555.713955 2265.535919 1427.878496 2419.356319 977.491688 1208.590915 1277.435713 1807.637408 832.325057 1116.881820 1165.087550 690.973950 1324.547092 1163.597869 1840.872891 1005.683847 341.697234 1246.645499 2417.446794 1311.875756 297.558398 2112.596743 99.764723 765.873358 1872.343985 687.608173 517.349012 569.526119 1645.478958 1137.226451 2658.798601 2704.793153 1092.440387 696.580936 845.185187 2801.494780 1219.059474 1848.368199 886.275916 1817.945269 2045.109533 1776.014921 569.572647 1227.731648 2369.324798 2034.617409 543.737069 1466.806395 299.923324 2105.547197 675.883126 415.409437 195.489130 2608.582182 1827.887579 2015.521024 1112.763227 1692.606570 1020.769318 2730.505631 1668.261670 1176.477794 2201.181501 1013.984221 2546.214445 1240.416059 
749.106134 2441.831485 2793.510336 1030.068930 3218.195302 436.022935 1989.205369 969.692735 1980.891971 0.000000 721.261395 2024.655279 3286.984180 2952.336194 802.172675 769.801273 794.768520 493.377138 664.253717 1871.214846 420.386727 829.607739 1136.554882 473.625379 1874.709844 1416.404250 2003.397115 1117.594739 2651.649487 2792.855170 1366.023426 795.616113 3371.099821 2355.762721 1944.726459 441.191568 3220.139438 478.480930 2786.951202 2107.210716 3244.042694 1197.601770 2755.667977 2409.843978 1017.208926 2654.480363 656.409933 3136.007812 420.594817 2437.387331 1749.771414 3141.824311 617.287615 2141.975957 2226.894250 1078.644520 1896.263695 1401.861976 542.720001 1481.270401 1712.779320 1626.016298 465.465359 2114.007805 1136.890936 1102.390584 1340.553990 2315.188545 1973.398338 969.928863 3192.026472 269.651627 2259.184366 480.585060 712.198006 3383.748513 1469.706093 3113.283154 454.234521 1301.623986 1908.689865 2927.252637 2240.564438 140.035710 2415.414043 1926.371200 1848.411480 713.084848 1376.939360 300.026665 945.010582 764.697326 1095.562413 791.770169 3172.558589 3050.339817 933.773527 1035.705074 725.827114 3220.439877 
902.269361 2358.835518 2264.730006 1695.417353 2883.283718 907.181349 1511.092320 1307.468546 1518.626024 721.261395 0.000000 1483.066081 3056.086550 2450.311205 113.070774 1487.710993 115.260574 1161.234257 1323.964123 1334.151790 348.931225 1544.612896 569.014060 1060.317405 1592.270392 2102.425504 1427.017169 1026.077970 2158.991663 2390.684003 1771.007058 201.853908 3126.634612 1859.024475 1329.079757 804.479956 2899.677913 1004.972636 2446.651794 2052.777874 2705.464285 1553.669205 2196.000911 2252.609598 370.005405 2130.136146 485.242208 2672.887016 931.180971 2231.726910 1391.604110 2757.152517 1334.044227 2118.403408 1706.966901 1592.136929 1421.526644 1199.965416 361.271366 888.380549 1431.616220 1039.232890 791.767643 2031.863430 1819.138532 1800.883394 1324.605979 2027.116178 1807.753578 1690.795079 2664.747830 467.086716 2054.658122 328.694387 1280.112495 3158.015833 951.156139 2735.055758 1173.364820 1733.537712 1638.250591 2745.896211 1725.001159 781.219559 2088.983724 1346.001486 1442.338726 1430.236344 1707.304308 954.112153 415.496089 1127.817361 982.153247 1491.464381 2984.600811 2679.090331 1516.319557 509.734244 1053.229794 2712.872463 
1546.992243 1606.488095 782.465974 2649.138917 1552.618433 1891.778264 216.113396 1858.841844 266.270539 2024.655279 1483.066081 0.000000 1876.009062 969.149111 1501.455960 2735.858366 1514.443792 2518.003177 2352.087158 153.583853 1800.001111 2804.087374 921.091744 2469.696338 767.606670 3050.373092 136.488095 1188.353904 685.810469 1005.198985 2201.488814 1304.345046 1916.314431 395.409914 312.195452 2265.173062 1589.216474 2437.032006 1154.612489 1473.784245 1227.824906 1996.183609 731.016416 1376.802455 1114.842141 647.092729 1375.181806 1207.359102 1938.078688 1258.813727 570.737243 1366.931235 2508.791143 1576.911538 229.923900 2279.369430 240.750909 955.117794 1843.949023 598.819672 756.128296 452.092911 1737.551438 1403.002495 2796.120527 2833.128659 1296.087188 943.400763 1109.876570 2896.076139 1183.264129 1861.197733 1147.965592 1800.284700 2174.949425 1975.965840 555.644671 1354.709194 2438.237068 2226.230895 807.372281 1700.402599 250.874471 2140.160041 899.552111 185.970428 435.784350 2686.401496 2033.100342 2096.932283 1104.000906 1832.687917 1166.276983 2797.848638 1889.647851 1312.493810 2348.603841 1005.560540 2532.477838 1229.993496 
2553.845140 969.751515 1532.654234 3362.051308 502.332559 2940.778298 1709.036278 2553.933633 1674.207275 3286.984180 3056.086550 1876.009062 0.000000 1370.372212 3122.306840 3756.476141 3133.574636 3720.485183 3243.398218 1950.940799 3267.832615 3824.393808 2531.763812 3755.486919 1464.175536 3639.889284 2008.757078 2170.080413 1397.140651 956.621660 2561.278001 2854.358422 100.662803 1542.653882 2186.907405 3672.724466 433.175484 3765.053120 733.484833 1274.761939 1580.213910 2494.470886 1701.277461 894.910610 2751.827938 1541.717549 2702.533071 1150.513798 2982.436085 849.631685 1674.838798 755.007947 3501.007998 1296.445911 1693.549232 2863.711752 1767.786469 1900.228407 3371.639660 2342.807077 1626.493160 2240.202223 2840.719803 1234.187182 3489.320851 3578.136386 1967.416580 1033.007744 1314.330248 3829.443954 1507.060715 3254.742540 1028.408965 3298.394306 3009.979568 102.825094 2186.839958 730.033561 3547.620329 2637.902576 1419.323783 399.846220 1670.751927 3426.636981 1002.726284 2059.719641 1660.761873 3727.584338 2386.256692 3189.994514 2644.319194 2682.303674 2195.081775 3880.202701 215.640905 715.436929 3047.170819 2557.735326 3971.847177 1395.545055 
2378.370240 1661.984958 221.298441 3441.609652 890.906280 2758.119831 963.350923 2600.321711 972.260253 2952.336194 2450.311205 969.149111 1370.372212 0.000000 2470.595070 3622.684226 2483.580077 3443.488057 3190.107208 1116.198011 2760.056883 3692.407886 1884.425642 3410.872322 1254.770895 3816.032757 1046.560557 1972.456590 301.041525 482.374336 2838.505417 2267.400714 1360.581126 598.020903 1192.558594 3222.913123 954.509822 3385.059084 740.648365 1727.451881 343.633526 2672.004678 379.348125 1410.115244 2083.279386 329.953027 2295.936628 287.586509 2805.193220 1248.359724 1250.960031 633.514799 3381.939237 1819.148152 743.347160 3008.841139 1056.381087 1679.315337 2810.483588 1567.949298 1367.230778 1420.273917 2612.658608 1647.539377 3587.556271 3642.557892 1958.180788 1013.876225 1450.674326 3763.346516 267.551864 2811.120239 1273.979984 2763.838816 2986.955808 1446.326727 1507.455140 649.058549 3340.396683 2885.916492 1254.782850 1415.411248 725.581146 3075.611321 863.020278 1125.879656 1124.463428 3577.375155 2652.869578 2984.551055 2061.380120 2629.438153 1967.077019 3701.491186 1490.620341 655.080148 3122.904097 1962.030071 3495.991133 268.167858 
1014.753665 2445.813157 2279.527363 1794.274505 2934.403176 1014.676796 1545.006472 1420.535462 1555.998072 802.172675 113.070774 1501.455960 3122.306840 2470.595070 0.000000 1560.853933 13.038405 1219.446596 1422.139234 1355.950589 402.226304 1615.357546 606.923389 1105.601194 1661.002709 2198.408970 1436.022632 1125.430140 2183.249413 2432.382577 1884.021497 280.032141 3190.699767 1884.710323 1326.217177 830.831511 2953.098881 1042.700820 2499.039816 2144.226201 2715.523522 1666.733632 2203.003631 2332.034519 391.281229 2146.922681 595.184845 2700.788403 1037.102213 2305.312560 1451.161259 2800.166602 1418.816761 2212.257670 1728.448148 1702.575989 1457.503688 1285.222160 370.472671 902.765196 1502.704229 1051.700528 902.703163 2120.785232 1915.411183 1893.370540 1425.294356 2090.680511 1889.442246 1767.321420 2677.849884 538.164473 2129.606771 364.917799 1386.394244 3224.587571 986.426378 2779.341829 1248.907523 1846.289793 1708.168610 2819.887409 1747.396921 848.066625 2146.055917 1354.889294 1492.381319 1502.969394 1820.122249 1049.487970 478.873679 1240.451934 1080.599833 1555.117037 3056.804377 2724.894493 1622.852427 565.099991 1057.651171 2730.563678 
1259.356185 2830.614951 3482.276554 624.771958 3770.098275 867.138974 2670.955634 1210.841856 2654.910356 769.801273 1487.710993 2735.858366 3756.476141 3622.684226 1560.853933 0.000000 1552.216802 399.405809 523.321125 2584.531873 1162.010757 70.178344 1885.910125 578.070065 2452.438990 839.802953 2730.456738 1674.987761 3322.441422 3403.923912 1387.548197 1562.868197 3848.766036 3035.951251 2688.484517 876.620785 3761.276379 674.111267 3356.250438 2498.687055 3931.969608 1333.688119 3462.080299 2861.571946 1783.543664 3343.225389 1367.090341 3778.615752 820.288973 2924.849569 2380.739801 3731.498627 255.691220 2503.866011 2922.547519 1020.654692 2579.867051 1977.583627 1247.615726 2226.070978 2302.570086 2365.289200 1010.031683 2527.810317 630.892225 534.195657 1802.515187 2868.854127 2464.075689 214.848784 3873.843698 1023.137332 2756.812652 1211.136656 755.790976 3845.841910 2189.994064 3699.185045 315.627946 1301.410389 2476.307130 3370.580069 2933.648411 714.582396 2990.088460 2656.633208 2499.228881 58.137767 1495.198983 640.101554 1696.621643 1075.375283 1670.480470 160.704698 3611.100940 3633.055051 804.555157 1780.898930 950.962144 3889.774415 
1017.528869 2455.095925 2292.553380 1789.489592 2946.543059 1012.354187 1557.711462 1421.951124 1568.604475 794.768520 115.260574 1514.443792 3133.574636 2483.580077 13.038405 1552.216802 0.000000 1209.446154 1417.271322 1368.891522 392.621956 1606.450124 619.317366 1094.657937 1672.004785 2192.993388 1449.060730 1132.685746 2196.179410 2444.889568 1885.128378 289.178146 3202.117581 1897.610339 1339.197521 818.912083 2965.128159 1031.302574 2511.105334 2152.896653 2728.561892 1668.375557 2216.038131 2342.153923 404.011138 2159.935416 599.470600 2713.666155 1034.261572 2315.972366 1462.762113 2812.637374 1411.667454 2220.573349 1741.406615 1701.365628 1470.144551 1294.601869 358.240143 915.764708 1513.502560 1064.721560 901.885248 2129.800930 1910.081150 1887.345755 1432.330269 2102.085869 1899.297238 1759.036384 2690.884241 529.917918 2140.136678 354.153921 1383.582668 3235.833278 999.032032 2791.765212 1240.620812 1846.849209 1719.084058 2830.535815 1760.343716 839.030989 2157.860514 1367.927264 1504.494600 1494.298832 1822.462345 1044.176709 489.802001 1240.890406 1088.015625 1545.517713 3067.612264 2737.257752 1620.086417 576.642003 1044.888511 2743.574311 
1167.469486 2836.891256 3286.384792 928.903117 3681.028661 781.952045 2480.831514 1257.132054 2471.469199 493.377138 1161.234257 2518.003177 3720.485183 3443.488057 1219.446596 399.405809 1209.446154 0.000000 671.096118 2364.544776 817.664968 431.613253 1624.766445 181.339461 2340.538400 1218.249564 2495.536215 1567.843423 3142.608471 3271.963478 1548.566111 1269.538499 3808.047400 2847.601271 2432.793045 478.979123 3679.441941 276.848334 3254.088198 2500.423164 3737.006556 1438.277094 3249.019083 2831.830680 1490.724991 3147.296777 1148.157219 3622.839770 742.846552 2873.961726 2230.728356 3615.922151 433.129311 2521.966296 2719.958272 1198.409362 2387.990159 1863.090443 879.931816 1970.057106 2181.478856 2116.209819 883.240058 2517.288223 977.880361 899.067294 1754.432672 2775.396368 2407.887456 612.082511 3684.531178 697.252465 2698.600563 857.324326 853.796814 3814.698546 1962.935811 3586.248876 229.651911 1468.698744 2371.356152 3348.776642 2733.478736 386.803568 2882.940513 2418.082918 2334.453255 346.174811 1615.105260 535.093450 1433.195730 1076.745560 1552.284123 341.919581 3593.237120 3522.240764 996.834991 1525.905633 572.552181 3711.647613 
813.705721 2310.216007 3065.975375 372.339898 3277.007476 473.701383 2259.774546 691.034731 2237.656363 664.253717 1323.964123 2352.087158 3243.398218 3190.107208 1422.139234 523.321125 1417.271322 671.096118 0.000000 2206.180863 1074.810681 587.554253 1583.622430 819.498627 1981.892530 780.185875 2366.345917 1218.760436 2893.121843 2937.195431 889.139472 1331.913661 3336.849562 2617.575405 2351.395330 1007.925096 3264.861559 896.420102 2871.816150 1979.830801 3511.016377 813.260721 3062.930786 2349.153252 1535.821930 2928.373781 1046.206958 3326.138001 431.802038 2419.198628 1939.263004 3252.621866 279.873186 1982.399556 2519.554921 530.083956 2172.078498 1517.583606 1205.723849 1902.228430 1840.558611 2027.759848 630.600507 2011.509384 497.111657 497.115681 1306.075036 2382.973143 1963.395019 592.000845 3448.187930 923.643329 2254.934367 1138.320254 234.079046 3331.300797 1830.411156 3218.943460 441.490657 806.112895 2001.031734 2854.632200 2528.067246 711.000000 2510.965551 2298.444039 2067.944390 506.743525 979.614720 375.586208 1408.786712 576.944538 1223.058461 667.470599 3093.823040 3151.936865 325.861934 1475.713387 1209.685083 3454.293850 
1404.843408 1603.241716 934.013383 2508.211514 1655.730654 1743.555276 242.200330 1728.843833 281.311216 1871.214846 1334.151790 153.583853 1950.940799 1116.198011 1355.950589 2584.531873 1368.891522 2364.544776 2206.180863 0.000000 1648.174748 2652.600611 769.796077 2316.190838 730.002740 2911.959478 180.568547 1058.185711 827.374160 1116.935540 2085.815188 1153.173014 1997.454630 530.080183 293.015358 2113.008519 1688.041765 2283.824205 1243.556995 1440.401333 1380.626669 1875.853139 884.509469 1386.550035 967.337066 797.564417 1222.437319 1346.465001 1789.660582 1282.076441 501.881460 1483.338464 2358.855867 1542.053825 372.930288 2148.625840 203.747393 844.077011 1694.548908 455.926529 686.721195 315.835400 1588.677752 1374.052401 2654.980603 2689.693291 1188.445203 976.565922 1077.004178 2746.316260 1335.003371 1708.012002 1154.249973 1649.457183 2032.807172 2052.307238 402.060941 1468.415813 2285.954505 2106.698839 775.341215 1748.052917 391.492018 1986.577207 956.059622 155.425223 390.128184 2534.783028 1921.815028 1946.113306 951.328545 1694.172659 1033.155361 2645.304708 1949.047203 1422.264392 2211.030529 852.678134 2381.772449 1379.057649 
885.112987 2501.842521 2582.162853 1444.921105 3135.403642 737.130246 1806.204031 1228.327725 1807.973451 420.386727 348.931225 1800.001111 3267.832615 2760.056883 402.226304 1162.010757 392.621956 817.664968 1074.810681 1648.174748 0.000000 1215.020164 879.068826 711.418302 1810.478390 1836.157945 1754.458606 1138.566204 2464.293002 2665.352697 1671.497831 496.789694 3344.292003 2163.846806 1666.849123 465.966737 3146.301480 657.167406 2698.192358 2179.057594 3027.305402 1473.914855 2522.352275 2426.897814 705.087938 2445.596246 571.357156 2970.663226 745.067111 2426.502009 1637.743875 3027.408958 1034.567059 2231.704730 2018.507617 1432.218210 1714.304815 1372.414660 150.864177 1215.630289 1645.994532 1366.434777 674.442733 2170.254363 1555.771834 1522.777068 1415.729494 2253.981588 1979.450934 1370.750524 2983.122190 151.713546 2246.862034 66.007575 1083.660925 3368.208574 1252.621651 3002.804855 852.997069 1619.413474 1852.199233 2935.028620 2035.218416 447.599151 2332.048456 1674.055256 1708.906083 1103.958785 1644.188858 700.157839 698.720259 1027.188882 1102.434579 1152.911532 3178.143011 2943.927309 1316.802187 798.110268 738.241153 3025.334362 
1329.531120 2896.747486 3551.541215 660.866855 3839.753377 937.243298 2740.227910 1276.915424 2724.370386 829.607739 1544.612896 2804.087374 3824.393808 3692.407886 1615.357546 70.178344 1606.450124 431.613253 587.554253 2652.600611 1215.020164 0.000000 1950.854172 604.822288 2522.570514 842.326540 2797.793595 1745.161597 3392.114680 3474.100315 1442.506499 1624.278917 3916.864179 3105.360688 2754.440778 910.532262 3830.765589 700.257810 3426.189137 2565.299593 4001.324781 1394.929747 3530.717349 2929.520268 1845.359857 3412.465531 1434.127261 3848.709134 890.409456 2993.601510 2450.778856 3801.572964 324.581269 2569.521356 2991.469371 1075.602622 2649.058135 2047.757798 1295.642698 2291.723587 2372.746088 2431.538196 1079.754139 2595.043352 652.334270 549.181209 1871.736093 2938.718939 2533.172714 186.131674 3943.351367 1078.686702 2825.862877 1262.401283 820.953714 3913.518238 2257.491750 3769.234007 376.969495 1355.977138 2546.380176 3437.959424 3002.660154 767.523941 3060.128102 2723.722636 2569.071817 118.595953 1554.382514 709.186153 1761.141675 1144.009178 1740.649304 133.645052 3678.201327 3703.084390 859.624337 1846.203131 963.967842 3959.546691 
882.220494 1921.433319 1703.469694 1928.374704 2328.644670 1110.785758 942.251028 1295.390675 950.853301 1136.554882 569.014060 921.091744 2531.763812 1884.425642 606.923389 1885.910125 619.317366 1624.766445 1583.622430 769.796077 879.068826 1950.854172 0.000000 1560.374955 1083.288512 2345.124730 878.428711 749.096122 1591.319578 1825.867739 1739.569200 383.377099 2596.651112 1291.035631 808.282129 1344.625227 2348.487386 1521.934624 1894.118265 1647.983616 2148.238348 1510.634635 1644.311710 1778.346704 220.809873 1567.348398 537.629054 2104.028992 1151.823337 1733.895614 856.976662 2193.434066 1683.079618 1729.369827 1141.474923 1676.772197 853.150045 785.493475 926.884027 345.324485 934.137035 493.041580 955.586208 1610.975481 2069.134118 2080.686425 1029.891256 1498.805191 1350.296264 2066.957426 2104.343128 947.274511 1563.504077 879.720978 1458.528368 2634.440548 382.236838 2172.456904 1575.312667 1729.439794 1132.856566 2246.665307 1158.858059 1239.897173 1545.287028 798.912386 887.392810 1832.304833 1621.669818 1266.815298 191.635070 1180.857739 702.284842 1926.240120 2478.328671 2117.980642 1674.133209 107.935166 1612.042803 2148.454794 
1206.066748 2894.555579 3245.719797 1101.310583 3691.816897 843.282278 2447.785326 1350.988157 2442.029484 473.625379 1060.317405 2469.696338 3755.486919 3410.872322 1105.601194 578.070065 1094.657937 181.339461 819.498627 2316.190838 711.418302 604.822288 1560.374955 0.000000 2348.334729 1399.296966 2437.876330 1588.459946 3110.977981 3263.862283 1676.664844 1190.530974 3840.612581 2813.073941 2363.641682 313.402297 3693.627621 96.046864 3260.494748 2558.452657 3695.144111 1549.193661 3199.379471 2873.870735 1408.015980 3107.229795 1120.207570 3601.444710 810.630002 2906.272527 2220.683003 3614.333825 603.679551 2586.745059 2678.627447 1337.215390 2354.739264 1875.113330 748.953937 1904.526450 2186.361818 2053.376731 917.989651 2569.926069 1156.215378 1079.504516 1799.093661 2788.632819 2441.196838 788.378716 3645.789078 613.942180 2728.729558 740.770545 979.400327 3851.530215 1914.371176 3586.048661 386.264158 1599.879995 2382.222911 3391.591514 2693.361097 338.917394 2888.969713 2358.904195 2315.879962 526.274643 1728.531458 612.412443 1370.606435 1159.036238 1567.829710 500.992016 3636.768483 3523.317755 1144.022727 1466.896043 397.336130 3678.589404 
1194.020519 893.071106 1183.942988 2203.686230 1343.501396 1590.113518 555.792227 1355.059039 506.320057 1874.709844 1592.270392 767.606670 1464.175536 1254.770895 1661.002709 2452.438990 1672.004785 2340.538400 1981.892530 730.002740 1810.478390 2522.570514 1083.288512 2348.334729 0.000000 2567.274820 885.131064 779.164296 980.206101 955.303617 1587.560708 1390.691914 1536.696782 774.496611 1023.000489 2231.702713 1346.738653 2345.562832 913.591813 710.720761 1594.481107 1417.235690 1242.410963 708.466654 1299.871147 1062.262209 1254.131173 1352.177503 1636.024755 650.759556 254.230211 1280.206624 2201.328008 812.862842 771.114129 1757.078541 535.728476 478.282343 1909.412475 963.755674 164.711870 909.478972 1462.845515 644.152156 2347.928875 2410.168874 706.208185 444.527839 347.001441 2569.437487 1521.873188 1809.025428 483.802646 1838.049238 1765.361436 1565.917303 780.861704 1248.884702 2198.367576 1632.339425 51.478151 1163.517512 764.231640 2011.271488 542.440780 884.299158 340.211699 2413.331515 1403.698329 1833.702539 1182.212333 1407.611097 789.517574 2552.329328 1397.055833 1183.731388 1881.414362 1098.597287 2528.215181 1505.961487 
1510.638607 2670.970610 3716.831043 417.062345 3765.137979 1238.998386 2931.315916 1216.003701 2902.396940 1416.404250 2102.425504 3050.373092 3639.889284 3816.032757 2198.408970 839.802953 2192.993388 1218.249564 780.185875 2911.959478 1836.157945 842.326540 2345.124730 1399.296966 2567.274820 0.000000 3081.168772 1869.367005 3528.613325 3504.566878 1078.634785 2110.955234 3738.776404 3273.020776 3085.295772 1670.491245 3741.294562 1493.827634 3395.851881 2373.486886 4149.781922 1173.269364 3734.701728 2775.704055 2311.684451 3583.142336 1811.783928 3915.973953 1201.815710 2879.381184 2579.088405 3784.333098 825.109084 2343.630090 3195.292318 812.502923 2849.478022 2144.390356 1956.176884 2649.725457 2448.946304 2765.924800 1390.953989 2425.981039 283.340784 323.199629 1861.099138 2915.954904 2463.057044 669.164404 4080.991301 1684.595204 2737.586711 1896.988403 890.020786 3715.818752 2558.129199 3747.580686 1043.348456 1002.883842 2574.950485 3240.185951 3200.726480 1427.266268 3058.683704 3018.807215 2718.659228 882.163817 1255.826819 1148.954742 2177.369514 1217.869041 1886.559302 975.553689 3462.052137 3679.435826 702.159526 2237.865054 1786.111979 4071.994597 
1571.559735 1737.337331 846.132377 2675.055513 1675.524097 1899.798937 345.684828 1904.642749 394.832876 2003.397115 1427.017169 136.488095 2008.757078 1046.560557 1436.022632 2730.456738 1449.060730 2495.536215 2366.345917 180.568547 1754.458606 2797.793595 878.428711 2437.876330 885.131064 3081.168772 0.000000 1234.689435 778.052055 1124.935554 2265.784632 1257.746000 2047.416421 503.843230 178.216161 2220.416628 1714.158102 2400.363306 1284.374167 1594.809393 1279.630025 2055.006083 769.016255 1510.201311 1057.011826 717.680988 1363.845299 1299.024634 1945.379140 1394.107959 671.252561 1482.086367 2509.821508 1697.463107 335.407215 2323.762897 349.594050 1024.644817 1788.123318 539.334775 857.422300 388.289840 1743.702383 1525.656908 2821.489146 2853.283197 1369.001461 1079.378525 1230.488115 2897.426789 1242.333691 1825.484045 1280.435082 1749.994857 2198.623660 2108.305955 540.773520 1471.805694 2427.700352 2285.962598 927.371015 1836.781969 358.453623 2113.520759 1035.772658 81.154174 546.795208 2679.524211 2102.256407 2094.778270 1067.279251 1864.200097 1208.195762 2785.063734 2025.084690 1432.247534 2381.405677 971.393329 2480.045362 1299.720355 
415.636861 1363.365322 1855.776387 1478.048714 2113.827098 811.005549 1062.015066 670.857660 1033.992747 1117.594739 1026.077970 1188.353904 2170.080413 1972.456590 1125.430140 1674.987761 1132.685746 1567.843423 1218.760436 1058.185711 1138.566204 1745.161597 749.096122 1588.459946 779.164296 1869.367005 1234.689435 0.000000 1676.966607 1728.963273 1049.915235 851.115151 2253.624636 1408.707209 1272.530157 1508.472075 2111.609812 1595.183375 1689.892600 1041.674133 2296.858942 829.402194 1866.153263 1300.963489 885.268321 1719.866274 571.349280 2109.259823 857.028588 1320.482109 721.671670 2059.369321 1425.598120 1099.138299 1325.933633 1091.146186 980.396858 302.597092 1265.101182 911.412091 627.615328 981.900708 685.930026 1031.721377 1625.063999 1673.486480 300.847137 1208.021523 858.517909 1799.199822 2232.258274 1099.244286 1141.858135 1181.681852 1015.332458 2267.422325 760.485371 2027.978797 1419.607340 1060.062734 806.310734 1816.150324 1331.542339 1256.956642 1320.247325 1181.790168 854.784768 1634.959327 905.284486 1054.882932 709.662596 659.696900 47.675990 1773.176246 2061.209839 1962.631142 1167.587684 683.696570 1808.179471 2235.898253 
2080.504025 1500.966355 214.021027 3149.956349 972.748683 2458.472900 663.193034 2312.646320 671.252561 2651.649487 2158.991663 685.810469 1397.140651 301.041525 2183.249413 3322.441422 2196.179410 3142.608471 2893.121843 827.374160 2464.293002 3392.114680 1591.319578 3110.977981 980.206101 3528.613325 778.052055 1676.966607 0.000000 440.519012 2567.752519 1973.448758 1409.069551 300.501248 937.849668 2926.059637 1025.222415 3086.036455 683.632942 1517.105138 621.342096 2394.001880 337.924548 1244.437624 1793.988016 148.408221 1995.239585 522.015325 2505.546846 1086.103126 955.420850 742.647292 3082.368083 1614.309140 456.176501 2724.456093 756.238719 1386.959985 2518.162028 1282.532261 1080.948657 1137.620323 2312.417999 1436.673937 3296.291553 3349.193634 1676.248788 808.012995 1210.752658 3464.419288 555.296317 2512.740536 1074.728338 2469.584783 2692.194087 1485.899391 1212.054867 742.054580 3039.496011 2611.673793 986.222085 1355.377807 436.323275 2775.342321 670.231303 854.162163 825.680326 3276.918217 2383.803893 2684.006893 1765.641526 2335.395684 1670.188612 3400.612445 1477.349315 719.611006 2832.825445 1666.234077 3201.240385 569.171327 
2144.574550 1190.744725 592.084453 3152.299795 553.166340 2538.561010 894.879880 2301.667222 878.080292 2792.855170 2390.684003 1005.198985 956.621660 482.374336 2432.382577 3403.923912 2444.889568 3271.963478 2937.195431 1116.935540 2665.352697 3474.100315 1825.867739 3263.862283 955.303617 3504.566878 1124.935554 1728.963273 440.519012 0.000000 2482.341636 2194.177978 970.163904 625.160779 1299.580317 3113.604021 597.817698 3251.098276 261.237440 1291.175046 793.801612 2337.778860 754.539595 944.256321 2042.107245 585.745679 2146.543734 427.126445 2584.975822 783.600026 1043.197009 368.635321 3154.243491 1375.913151 790.869142 2692.064264 977.580687 1426.370569 2739.560001 1560.669728 1101.355982 1430.825286 2405.151554 1213.405538 3295.124429 3361.024397 1650.234226 601.838849 1061.700994 3524.347599 711.137821 2691.152913 838.504621 2680.531664 2720.007721 1045.781048 1446.569736 351.573605 3142.152924 2538.386298 938.043176 941.760054 767.565632 2924.945470 450.871379 1189.928569 956.663473 3363.452096 2294.625460 2778.524788 1979.446640 2362.629467 1734.413157 3499.209625 1042.926651 307.416655 2828.693161 1882.175603 3401.476885 643.693250 
886.713031 1592.384690 2769.948736 844.351822 2700.638628 944.033898 2040.947329 464.968816 2002.808278 1366.023426 1771.007058 2201.488814 2561.278001 2838.505417 1884.021497 1387.548197 1885.128378 1548.566111 889.139472 2085.815188 1671.497831 1442.506499 1739.569200 1676.664844 1587.560708 1078.634785 2265.784632 1049.915235 2567.752519 2482.341636 0.000000 1675.444120 2660.227434 2344.638565 2318.394488 1793.803222 2673.486488 1739.559714 2349.325222 1297.852457 3180.208327 229.019650 2815.997514 1702.520484 1806.262993 2644.600915 1314.160569 2904.130335 948.873016 1813.649635 1661.914559 2737.270173 1165.373760 1265.165997 2299.878692 366.957763 1973.096044 1246.467408 1822.136383 1955.687603 1500.713497 2031.786652 1000.980519 1353.626610 951.134586 1052.912627 910.382886 1882.707094 1422.649992 1380.557134 3106.053605 1546.434609 1682.099284 1736.074307 697.402323 2637.318714 1810.372337 2699.370297 1321.004542 87.206651 1584.060921 2161.555921 2300.208904 1471.853933 2031.606507 2219.829273 1808.182789 1383.130507 187.771137 1092.470595 1632.256414 648.680199 1086.584097 1542.800052 2384.067952 2631.357254 583.061746 1648.813210 2044.104939 3081.987184 
790.225917 2165.917819 2086.778618 1696.562701 2683.121317 880.777497 1320.123100 1210.889343 1325.473500 795.616113 201.853908 1304.345046 2854.358422 2267.400714 280.032141 1562.868197 289.178146 1269.538499 1331.913661 1153.173014 496.789694 1624.278917 383.377099 1190.530974 1390.691914 2110.955234 1257.746000 851.115151 1973.448758 2194.177978 1675.444120 0.000000 2924.793497 1672.997609 1174.002555 962.748669 2698.944423 1146.342444 2246.257777 1864.400172 2531.044448 1451.518171 2025.569796 2054.513324 221.840032 1950.724224 361.332257 2484.069242 913.085429 2031.285307 1190.121422 2559.868161 1383.370160 1933.047852 1524.689149 1534.092892 1229.478345 1005.454126 546.882071 719.241962 1230.386118 869.873554 743.274512 1840.753107 1828.600011 1822.980527 1151.837662 1825.262995 1610.851328 1756.400011 2487.608088 577.291088 1854.621525 496.456443 1252.952114 2956.321532 761.837909 2537.251466 1247.604104 1646.481096 1436.855595 2545.641177 1541.913746 882.782533 1887.689063 1177.426431 1243.224839 1506.934969 1594.007842 979.455461 215.244048 1049.120108 805.437769 1585.775835 2783.860808 2480.713607 1484.856895 312.083322 1228.739191 2531.714044 
2640.851757 1069.318007 1532.922046 3458.916015 474.658825 3029.285394 1756.406559 2648.021526 1723.487453 3371.099821 3126.634612 1916.314431 100.662803 1360.581126 3190.699767 3848.766036 3202.117581 3808.047400 3336.849562 1997.454630 3344.292003 3916.864179 2596.651112 3840.612581 1536.696782 3738.776404 2047.416421 2253.624636 1409.069551 970.163904 2660.227434 2924.793497 0.000000 1571.776065 2225.607557 3753.263114 407.774447 3848.800592 764.196964 1371.705872 1551.568561 2591.494549 1702.997358 987.701372 2817.145364 1551.037072 2780.894820 1126.675197 3071.285399 934.561394 1740.644134 733.377120 3593.196070 1395.164865 1726.824832 2960.975515 1818.679191 1979.994192 3445.902639 2398.347765 1700.084998 2291.735805 2927.183629 1329.558197 3586.742951 3675.021769 2056.463226 1100.038181 1400.446000 3923.717625 1481.001350 3334.122073 1111.960431 3373.682261 3103.652687 92.195445 2246.453650 712.832379 3637.163868 2736.546912 1493.076354 499.409651 1703.781970 3510.565197 1058.418159 2101.166343 1719.815397 3819.332402 2484.677041 3278.586586 2713.600007 2774.035328 2277.578758 3971.385904 311.014469 707.636206 3143.369052 2625.684863 4052.054911 1366.501006 
1803.869729 1451.479590 448.412756 2886.523861 1178.071730 2175.125284 366.895080 2059.711145 381.283359 2355.762721 1859.024475 395.409914 1542.653882 598.020903 1884.710323 3035.951251 1897.610339 2847.601271 2617.575405 530.080183 2163.846806 3105.360688 1291.035631 2813.073941 774.496611 3273.020776 503.843230 1408.707209 300.501248 625.160779 2344.638565 1672.997609 1571.776065 0.000000 675.740335 2625.842341 1220.245877 2787.040366 809.373214 1401.468159 896.172416 2159.200778 471.431861 1200.284133 1494.824404 311.236245 1699.548175 816.468615 2222.147160 1055.881149 694.718648 978.461037 2798.730069 1503.597353 168.629772 2476.494296 459.619408 1129.315279 2217.915463 986.002028 844.000592 843.533639 2026.690899 1322.907782 3033.435841 3081.769784 1439.272386 741.978436 1060.747378 3182.714565 838.630431 2213.217115 995.079896 2169.096586 2422.597779 1639.005796 911.553619 968.922081 2749.226982 2382.400680 793.300069 1424.003511 145.962324 2478.187241 643.609354 573.888491 554.585431 2989.424694 2164.618211 2396.384360 1465.172004 2068.353935 1397.914518 3110.409941 1585.323311 931.427399 2573.320229 1365.766085 2900.740078 865.520075 
